0 0.4859375 0.63515625 0.20078125 0.1234375
0 0.5015625 0.78984375 0.453125 0.4203125
0 0.7703125 0.52890625 0.0609375 0.05625
0 0.86328125 0.47734375 0.05078125 0.04140625
0 0.93984375 0.42578125 0.0921875 0.05
0 0.10234375 0.546875 0.08984375 0.0734375
0 0.2578125 0.49375 0.225 0.0921875
0 0.5515625 0.4265625 0.13671875 0.04609375
0 0.7015625 0.42265625 0.08125 0.0328125
0 0.34765625 0.36015625 0.06953125 0.028125
0 0.1765625 0.4109375 0.0671875 0.0390625
0 0.571875 0.33984375 0.1171875 0.0390625
0 0.6046875 0.37890625 0.0828125 0.04140625
0 0.5203125 0.37890625 0.06796875 0.0328125
0 0.41015625 0.45625 0.0328125 0.028125
0 0.409375 0.403125 0.04765625 0.03984375
0 0.33125 0.40703125 0.0375 0.028125
0 0.778125 0.39375 0.04765625 0.025
0 0.73671875 0.365625 0.06640625 0.02265625
0 0.7984375 0.3671875 0.0484375 0.02109375
0 0.84375 0.3546875 0.03984375 0.0171875
0 0.690625 0.31875 0.0703125 0.02265625
0 0.76328125 0.34609375 0.0921875 0.02265625
0 0.55078125 0.3046875 0.02890625 0.0109375
0 0.525 0.3140625 0.03046875 0.02265625
0 0.4234375 0.33359375 0.02734375 0.01484375
0 0.26953125 0.3234375 0.0484375 0.02109375
0 0.29453125 0.29453125 0.0375 0.01015625
0 0.2390625 0.36328125 0.05703125 0.028125
0 0.0359375 0.37109375 0.07109375 0.05703125