0 0.321875 0.5609375 0.04375 0.03828125
0 0.3703125 0.61875 0.0421875 0.04375
0 0.31875 0.61640625 0.03515625 0.02890625
0 0.2359375 0.61328125 0.075 0.0734375
0 0.2609375 0.67265625 0.04921875 0.03984375
0 0.31015625 0.66640625 0.04765625 0.03828125
0 0.3625 0.7109375 0.0453125 0.05078125
0 0.53046875 0.6546875 0.0390625 0.04765625
0 0.575 0.83515625 0.0390625 0.05859375
0 0.68203125 0.84921875 0.04765625 0.0734375
0 0.759375 0.946875 0.1640625 0.10234375
0 0.86875 0.83671875 0.034375 0.040625
0 0.71875 0.721875 0.0390625 0.03515625
0 0.56796875 0.57734375 0.05703125 0.08984375
0 0.44609375 0.5171875 0.03125 0.03828125
0 0.3609375 0.46796875 0.02890625 0.0296875
0 0.3234375 0.4625 0.03671875 0.03515625
0 0.11953125 0.41484375 0.03125 0.02734375
0 0.14375 0.42734375 0.03203125 0.02421875
0 0.07734375 0.37109375 0.03203125 0.02734375
0 0.36796875 0.428125 0.0296875 0.0234375
0 0.20546875 0.43828125 0.03203125 0.0296875
0 0.73515625 0.621875 0.0390625 0.0421875
0 0.84296875 0.628125 0.0328125 0.0328125
0 0.73203125 0.48203125 0.0359375 0.0296875
0 0.67890625 0.49453125 0.0328125 0.02578125
0 0.6296875 0.440625 0.0390625 0.0234375
0 0.5734375 0.396875 0.13125 0.08359375
0 0.453125 0.4234375 0.03828125 0.03515625
0 0.28984375 0.36484375 0.06328125 0.053125
0 0.74921875 0.44609375 0.02890625 0.0296875
0 0.80625 0.54921875 0.03203125 0.0296875
0 0.84375 0.56796875 0.028125 0.03125
0 0.7890625 0.48125 0.03125 0.02578125
0 0.91171875 0.559375 0.03671875 0.04609375
0 0.959375 0.621875 0.0328125 0.0484375
0 0.82578125 0.42734375 0.03125 0.02734375
0 0.75 0.3703125 0.084375 0.0265625
0 0.88828125 0.490625 0.02109375 0.028125
0 0.93125 0.5171875 0.03671875 0.03203125
0 0.9859375 0.5796875 0.01484375 0.02265625
0 0.96953125 0.35859375 0.03515625 0.0234375
0 0.70234375 0.2390625 0.0515625 0.01875
0 0.74375 0.30859375 0.02890625 0.01875
0 0.234375 0.33046875 0.02265625 0.0171875
0 0.146875 0.36484375 0.03515625 0.0296875
0 0.04140625 0.35859375 0.02734375 0.02578125
0 0.9140625 0.34765625 0.01640625 0.01328125
0 0.9234375 0.3234375 0.02265625 0.015625
0 0.903125 0.30859375 0.01328125 0.00859375
0 0.82265625 0.2328125 0.06640625 0.04140625
0 0.853125 0.2375 0.02109375 0.00859375
0 0.86796875 0.2484375 0.0203125 0.0125
0 0.75 0.2171875 0.0359375 0.01328125
0 0.48828125 0.28203125 0.015625 0.0078125
0 0.5296875 0.2984375 0.01484375 0.00859375
0 0.784375 0.2921875 0.01875 0.0125