0 0.37890625 0.8234375 0.0921875 0.08203125
0 0.4296875 0.77578125 0.07421875 0.10390625
0 0.371875 0.7328125 0.03515625 0.04609375
0 0.51015625 0.7671875 0.09375 0.0921875
0 0.6 0.9015625 0.16953125 0.14296875
0 0.50078125 0.8609375 0.0875 0.08984375
0 0.62109375 0.7796875 0.0890625 0.1453125
0 0.9375 0.56015625 0.11484375 0.471875
0 0.3203125 0.490625 0.01796875 0.021875
0 0.2234375 0.70703125 0.22421875 0.27109375
0 0.240625 0.5046875 0.01640625 0.01171875
0 0.228125 0.5203125 0.01328125 0.01484375
0 0.22265625 0.5390625 0.01328125 0.01171875
0 0.22109375 0.55703125 0.01328125 0.01484375
0 0.4453125 0.61875 0.134375 0.20078125
0 0.40625 0.70546875 0.03359375 0.0265625
0 0.34140625 0.60625 0.02421875 0.0265625
0 0.34765625 0.58203125 0.02265625 0.021875
0 0.3484375 0.55546875 0.02109375 0.021875
0 0.334375 0.5390625 0.02265625 0.021875
0 0.34296875 0.5046875 0.01796875 0.01171875
0 0.39375 0.52265625 0.0859375 0.13046875
0 0.36015625 0.6734375 0.02265625 0.01953125
0 0.35234375 0.65390625 0.02890625 0.03359375
0 0.32890625 0.6390625 0.02734375 0.02890625
0 0.27109375 0.5375 0.084375 0.07734375
0 0.315625 0.5921875 0.04375 0.0703125
0 0.25546875 0.59296875 0.03515625 0.02890625
0 0.28203125 0.6125 0.02421875 0.03359375
0 0.30703125 0.4578125 0.0390625 0.053125
0 0.27265625 0.47578125 0.02265625 0.021875
0 0.38515625 0.45625 0.02421875 0.021875
0 0.47578125 0.4890625 0.0375 0.0390625
0 0.5640625 0.575 0.15546875 0.2203125
0 0.665625 0.6171875 0.10625 0.1984375
0 0.659375 0.51328125 0.096875 0.08203125
0 0.70859375 0.80859375 0.07578125 0.1015625
0 0.8109375 0.7796875 0.0453125 0.0484375
0 0.7703125 0.796875 0.0390625 0.04375
0 0.85078125 0.70859375 0.07265625 0.10390625
0 0.76875 0.7265625 0.0875 0.096875
0 0.7453125 0.64140625 0.03359375 0.03359375
0 0.80390625 0.640625 0.0859375 0.08984375
0 0.5640625 0.7109375 0.0453125 0.04140625
0 0.6078125 0.70703125 0.02265625 0.01953125
0 0.859375 0.63046875 0.084375 0.06015625
0 0.81953125 0.46640625 0.2859375 0.3171875
0 0.92734375 0.36171875 0.06796875 0.065625