0 0.45625 0.34609375 0.0390625 0.0453125
0 0.4890625 0.3171875 0.03046875 0.0390625
0 0.33515625 0.60078125 0.06015625 0.0890625
0 0.1546875 0.7671875 0.04140625 0.0515625
0 0.54140625 0.34765625 0.0359375 0.0453125
0 0.54140625 0.39140625 0.040625 0.0453125
0 0.53828125 0.49453125 0.04609375 0.0609375
0 0.61015625 0.22734375 0.04765625 0.0453125
0 0.51484375 0.27421875 0.03359375 0.02890625
0 0.41640625 0.5234375 0.0484375 0.0609375
0 0.83046875 0.76171875 0.04296875 0.05859375
0 0.94765625 0.6421875 0.05546875 0.0609375
0 0.6796875 0.43046875 0.05 0.0609375
0 0.6578125 0.30703125 0.03984375 0.0359375
0 0.8875 0.67734375 0.06640625 0.0546875
0 0.946875 0.5109375 0.0390625 0.05
0 0.68828125 0.38125 0.03828125 0.0375