0 0.7671875 0.81953125 0.05859375 0.096875
0 0.6296875 0.83828125 0.03359375 0.09296875
0 0.56015625 0.7984375 0.034375 0.08828125
0 0.4125 0.66796875 0.0296875 0.0484375
0 0.40859375 0.72109375 0.02734375 0.034375
0 0.43828125 0.721875 0.02734375 0.03203125
0 0.36953125 0.78359375 0.02578125 0.03515625
0 0.36875 0.88671875 0.15703125 0.09375
0 0.63359375 0.60390625 0.03515625 0.03828125
0 0.6 0.60390625 0.03515625 0.03828125
0 0.675 0.6640625 0.02734375 0.03828125
0 0.71328125 0.64921875 0.03046875 0.04453125
0 0.66015625 0.54609375 0.03125 0.03671875
0 0.49296875 0.55390625 0.0328125 0.04609375
0 0.47578125 0.50625 0.03046875 0.03046875
0 0.42734375 0.58046875 0.025 0.028125
0 0.48828125 0.63671875 0.02890625 0.0359375
0 0.31484375 0.5984375 0.03125 0.03515625
0 0.240625 0.78203125 0.0234375 0.04609375
0 0.1890625 0.79375 0.02578125 0.04140625
0 0.24375 0.5515625 0.03046875 0.03515625
0 0.08046875 0.76640625 0.07265625 0.31484375
0 0.12734375 0.51484375 0.025 0.0390625
0 0.3625 0.540625 0.04921875 0.07109375
0 0.36171875 0.44296875 0.02890625 0.03046875
0 0.309375 0.4375 0.01953125 0.0234375
0 0.565625 0.45546875 0.040625 0.07421875
0 0.5859375 0.39609375 0.02890625 0.028125
0 0.62578125 0.3765625 0.04296875 0.025
0 0.6453125 0.4484375 0.03203125 0.03515625
0 0.725 0.56171875 0.04140625 0.05546875
0 0.71953125 0.51171875 0.03984375 0.04140625
0 0.79921875 0.64375 0.02109375 0.03671875
0 0.6921875 0.384375 0.02890625 0.028125
0 0.74765625 0.42109375 0.0390625 0.04296875
0 0.7484375 0.46953125 0.03046875 0.04140625
0 0.8578125 0.6109375 0.03359375 0.05078125
0 0.8328125 0.50390625 0.02890625 0.0484375
0 0.48046875 0.35625 0.078125 0.040625
0 0.4890625 0.43046875 0.02734375 0.03203125
0 0.4015625 0.4234375 0.01953125 0.028125
0 0.340625 0.34453125 0.09140625 0.10625
0 0.5296875 0.3078125 0.07421875 0.065625
0 0.6 0.34921875 0.0328125 0.03203125
0 0.2359375 0.334375 0.02578125 0.0296875
0 0.26484375 0.278125 0.02109375 0.021875
0 0.23203125 0.29140625 0.01796875 0.0234375
0 0.084375 0.4359375 0.0234375 0.02421875
0 0.115625 0.4046875 0.01796875 0.021875
0 0.10390625 0.4515625 0.0171875 0.0203125
0 0.1296875 0.42578125 0.01640625 0.02421875
0 0.16484375 0.3953125 0.0234375 0.02421875
0 0.05546875 0.50234375 0.02421875 0.03828125
0 0.05625 0.465625 0.02265625 0.02109375
0 0.0359375 0.45625 0.01484375 0.01953125
0 0.05078125 0.421875 0.0234375 0.0296875
0 0.0390625 0.3578125 0.02421875 0.02890625
0 0.01328125 0.39609375 0.01171875 0.01953125
0 0.07265625 0.359375 0.02421875 0.025
0 0.14296875 0.296875 0.140625 0.16171875
0 0.21484375 0.253125 0.0140625 0.01171875
0 0.2296875 0.24609375 0.0140625 0.01484375
0 0.23359375 0.221875 0.01875 0.015625
0 0.296875 0.2328125 0.01796875 0.0140625
0 0.33125 0.221875 0.0375 0.01953125
0 0.38515625 0.22734375 0.03984375 0.02109375
0 0.5953125 0.23203125 0.04296875 0.021875
0 0.74375 0.36875 0.03046875 0.028125
0 0.8875 0.34609375 0.11484375 0.12578125
0 0.7703125 0.240625 0.03046875 0.02890625
0 0.79140625 0.2703125 0.0296875 0.02421875
0 0.8578125 0.40625 0.02578125 0.0265625
0 0.8046875 0.34609375 0.01640625 0.02109375
0 0.878125 0.465625 0.02109375 0.0234375
0 0.90546875 0.5078125 0.03203125 0.02890625
0 0.9484375 0.5234375 0.01796875 0.0234375
0 0.9734375 0.61328125 0.02109375 0.03515625
0 0.98359375 0.67109375 0.01328125 0.02578125
0 0.95234375 0.43046875 0.01796875 0.02109375
0 0.85546875 0.2859375 0.01953125 0.015625
0 0.72109375 0.2484375 0.03671875 0.040625
0 0.83125 0.334375 0.0390625 0.06796875
0 0.81953125 0.27734375 0.02109375 0.02890625
0 0.7984375 0.25703125 0.01328125 0.01328125