0 0.40390625 0.4578125 0.06328125 0.0671875
0 0.3890625 0.53203125 0.07734375 0.05703125
0 0.52734375 0.56484375 0.06015625 0.05703125
0 0.59296875 0.53203125 0.0421875 0.0421875
0 0.6015625 0.4828125 0.0296875 0.0421875
0 0.49609375 0.3484375 0.03984375 0.0421875
0 0.63671875 0.38359375 0.04375 0.046875
0 0.59140625 0.365625 0.025 0.02734375
0 0.6734375 0.43515625 0.028125 0.03203125
0 0.725 0.4390625 0.025 0.025
0 0.65 0.30390625 0.03046875 0.03203125
0 0.6234375 0.23828125 0.04140625 0.03984375
0 0.39609375 0.3390625 0.053125 0.05234375
0 0.2390625 0.33515625 0.06484375 0.06484375
0 0.8625 0.41953125 0.08828125 0.0796875
0 0.9578125 0.4390625 0.0671875 0.06953125
0 0.85234375 0.2875 0.08046875 0.07421875
0 0.775 0.29296875 0.06015625 0.04453125
0 0.815625 0.3546875 0.03671875 0.04453125
0 0.77890625 0.3421875 0.03515625 0.034375
0 0.93984375 0.3203125 0.04375 0.03984375
0 0.5296875 0.22421875 0.04375 0.03203125
0 0.49140625 0.42578125 0.03203125 0.03203125
0 0.2078125 0.440625 0.03671875 0.0421875
0 0.13125 0.4515625 0.03671875 0.034375
0 0.2703125 0.2421875 0.11875 0.0671875
0 0.171875 0.3125 0.053125 0.03984375
0 0.325 0.29921875 0.0421875 0.02734375
0 0.484375 0.25078125 0.06015625 0.0296875
0 0.52734375 0.18125 0.028125 0.025
0 0.746875 0.53984375 0.03984375 0.0421875
0 0.80703125 0.21953125 0.0515625 0.03203125
0 0.3171875 0.26796875 0.025 0.01953125