0 0.10625 0.546875 0.1421875 0.14765625
0 0.32265625 0.54296875 0.084375 0.0765625
0 0.56328125 0.58203125 0.14375 0.11875
0 0.5546875 0.390625 0.0875 0.07890625
0 0.44375 0.0671875 0.16328125 0.12578125
0 0.565625 0.27578125 0.11953125 0.08671875
0 0.6609375 0.21015625 0.0734375 0.06640625
0 0.69296875 0.2859375 0.0890625 0.0796875
0 0.659375 0.43671875 0.0609375 0.053125
0 0.7140625 0.403125 0.0484375 0.06015625
0 0.709375 0.503125 0.0484375 0.053125
0 0.4328125 0.471875 0.0703125 0.0625
0 0.91953125 0.20703125 0.1609375 0.15703125
0 0.9828125 0.0609375 0.03359375 0.09765625
0 0.7625 0.071875 0.0625 0.0640625
0 0.2109375 0.26796875 0.0546875 0.06328125
0 0.2109375 0.15390625 0.0578125 0.06328125
0 0.2734375 0.02421875 0.05 0.03984375
0 0.68671875 0.0890625 0.0515625 0.04296875