0 0.2875 0.58046875 0.03984375 0.0625
0 0.23984375 0.540625 0.040625 0.0453125
0 0.203125 0.5421875 0.0296875 0.0359375
0 0.1828125 0.49296875 0.05078125 0.05
0 0.24921875 0.4953125 0.03359375 0.0390625
0 0.2890625 0.49453125 0.03203125 0.03125
0 0.45234375 0.70546875 0.03984375 0.0640625
0 0.25390625 0.4390625 0.03359375 0.0359375
0 0.41640625 0.5296875 0.03828125 0.0515625
0 0.5359375 0.71484375 0.03671875 0.0734375
0 0.5765625 0.82734375 0.08359375 0.071875
0 0.25546875 0.33828125 0.028125 0.0359375
0 0.284375 0.34453125 0.025 0.0359375
0 0.34921875 0.38359375 0.02578125 0.0390625
0 0.45078125 0.46875 0.03203125 0.0453125
0 0.165625 0.31953125 0.034375 0.0390625
0 0.07421875 0.33515625 0.02890625 0.0390625
0 0.10546875 0.3015625 0.04375 0.034375
0 0.06328125 0.2546875 0.02578125 0.021875
0 0.22421875 0.246875 0.04609375 0.0546875
0 0.18671875 0.2125 0.021875 0.0296875
0 0.35703125 0.303125 0.02890625 0.03125
0 0.5734375 0.4921875 0.03203125 0.0484375
0 0.67734375 0.70625 0.02890625 0.05625
0 0.56328125 0.596875 0.034375 0.046875
0 0.4546875 0.27265625 0.10390625 0.0765625
0 0.490625 0.31953125 0.0296875 0.0328125
0 0.52890625 0.37265625 0.0359375 0.0484375
0 0.57421875 0.359375 0.03203125 0.0375
0 0.63203125 0.4265625 0.03515625 0.0546875
0 0.6609375 0.44140625 0.01875 0.034375
0 0.65703125 0.5015625 0.03203125 0.0421875
0 0.58671875 0.24921875 0.0609375 0.028125
0 0.58828125 0.3265625 0.0296875 0.03125
0 0.62265625 0.3578125 0.03046875 0.034375
0 0.62421875 0.315625 0.01953125 0.021875
0 0.64609375 0.30703125 0.0234375 0.0265625
0 0.69453125 0.3703125 0.0296875 0.040625
0 0.72890625 0.39609375 0.02890625 0.0390625
0 0.71484375 0.44296875 0.02578125 0.034375
0 0.7515625 0.4984375 0.025 0.0421875
0 0.77421875 0.453125 0.0234375 0.0296875
0 0.446875 0.4265625 0.04296875 0.0328125
0 0.5046875 0.52421875 0.040625 0.046875
0 0.8125 0.3078125 0.075 0.09765625
0 0.79609375 0.34296875 0.034375 0.0453125
0 0.81171875 0.390625 0.0359375 0.04375
0 0.8875 0.33359375 0.0234375 0.0265625
0 0.84375 0.28828125 0.03359375 0.0328125
0 0.8015625 0.2453125 0.021875 0.0234375
0 0.759375 0.24140625 0.0265625 0.021875
0 0.72734375 0.1796875 0.02890625 0.0234375
0 0.72578125 0.203125 0.0203125 0.0171875
0 0.55078125 0.121875 0.03984375 0.0203125
0 0.7890625 0.53125 0.03203125 0.04140625
0 0.78984375 0.60546875 0.03515625 0.034375