0 0.3421875 0.4140625 0.01640625 0.00859375
0 0.38125 0.415625 0.0125 0.00859375
0 0.34453125 0.43046875 0.0109375 0.00859375
0 0.30546875 0.38359375 0.0140625 0.01015625
0 0.32421875 0.37578125 0.0109375 0.00859375
0 0.34609375 0.38515625 0.01015625 0.00703125
0 0.41015625 0.384375 0.01484375 0.00859375
0 0.4546875 0.3875 0.0171875 0.01171875
0 0.39921875 0.40390625 0.02890625 0.01796875
0 0.47890625 0.3796875 0.0171875 0.01640625
0 0.51640625 0.40859375 0.0125 0.01015625
0 0.55390625 0.38984375 0.0125 0.00703125
0 0.54375 0.3984375 0.01015625 0.01328125
0 0.5484375 0.415625 0.01015625 0.00859375
0 0.58515625 0.43359375 0.03515625 0.046875
0 0.56796875 0.43203125 0.0109375 0.01015625
0 0.4375 0.41328125 0.01484375 0.01015625
0 0.6375 0.44140625 0.0125 0.01328125
0 0.61328125 0.43828125 0.00859375 0.01328125
0 0.6859375 0.453125 0.01015625 0.01015625
0 0.58125 0.39296875 0.0125 0.01328125
0 0.565625 0.38828125 0.00859375 0.00703125
0 0.51640625 0.38828125 0.01015625 0.01015625
0 0.621875 0.38828125 0.01640625 0.01328125
0 0.5984375 0.38828125 0.00859375 0.01015625
0 0.58046875 0.3765625 0.02109375 0.01328125
0 0.60546875 0.37421875 0.0109375 0.0046875
0 0.621875 0.37734375 0.00859375 0.0046875
0 0.6375 0.3875 0.0078125 0.0046875
0 0.31171875 0.43203125 0.00859375 0.01015625
0 0.2734375 0.378125 0.0078125 0.01015625
0 0.2640625 0.375 0.00859375 0.01015625
0 0.28203125 0.50234375 0.0890625 0.11484375
0 0.52421875 0.4984375 0.10859375 0.053125