1 0.59140625 0.35625 0.0296875 0.04296875
1 0.70625 0.45390625 0.15859375 0.06796875
1 0.709375 0.365625 0.0765625 0.1265625
1 0.70703125 0.284375 0.0375 0.03984375
1 0.49375 0.371875 0.0375 0.03984375
1 0.5125 0.6390625 0.0375 0.03984375
1 0.55078125 0.68046875 0.0375 0.03984375
1 0.5671875 0.72734375 0.0375 0.03984375
1 0.74375 0.70390625 0.14921875 0.07265625
1 0.6609375 0.8328125 0.14921875 0.16484375
1 0.59375 0.68046875 0.0484375 0.05859375
1 0.66640625 0.6328125 0.0484375 0.05859375
1 0.59609375 0.5703125 0.0484375 0.05859375
1 0.4921875 0.80234375 0.11484375 0.125
1 0.4125 0.840625 0.0328125 0.04453125
1 0.38515625 0.96875 0.04609375 0.05546875
1 0.4109375 0.9125 0.0296875 0.04296875
1 0.70703125 0.2328125 0.0296875 0.04296875
1 0.646875 0.29296875 0.0296875 0.04296875
1 0.59375 0.30234375 0.0296875 0.04296875
1 0.5921875 0.2359375 0.0296875 0.04296875