1 0.10546875 0.28125 0.1078125 0.021875
1 0.703125 0.44609375 0.0765625 0.06953125
1 0.8921875 0.39375 0.1484375 0.12734375
1 0.59140625 0.3203125 0.071875 0.01640625
1 0.753125 0.24140625 0.096875 0.040625
1 0.82578125 0.2203125 0.03046875 0.009375
1 0.821875 0.47890625 0.14765625 0.0171875
1 0.709375 0.309375 0.12890625 0.01640625
1 0.121875 0.30234375 0.065625 0.01484375
1 0.23125 0.33203125 0.0609375 0.05859375
1 0.22734375 0.43359375 0.08671875 0.01796875
1 0.296875 0.41796875 0.02734375 0.015625
1 0.37109375 0.38671875 0.0546875 0.03984375
1 0.34140625 0.25546875 0.06875 0.04140625
1 0.3765625 0.321875 0.059375 0.05625
1 0.44453125 0.38125 0.028125 0.0203125
1 0.47421875 0.2921875 0.10078125 0.1109375
1 0.5625 0.2796875 0.065625 0.06484375
1 0.15 0.2421875 0.29921875 0.01953125
1 0.31875 0.6375 0.0296875 0.02109375