1 0.38671875 0.76484375 0.02890625 0.0265625
1 0.465625 0.6875 0.1078125 0.10859375
1 0.45625 0.79453125 0.09296875 0.078125
1 0.52421875 0.76171875 0.03828125 0.02109375
1 0.540625 0.73046875 0.028125 0.021875
1 0.571875 0.6796875 0.015625 0.046875
1 0.60625 0.596875 0.0328125 0.06640625
1 0.65625 0.5453125 0.0609375 0.0625
1 0.67890625 0.63359375 0.01328125 0.05390625
1 0.375 0.55 0.06015625 0.04453125
1 0.28125 0.63671875 0.0125 0.0171875
1 0.28828125 0.678125 0.01015625 0.01015625
1 0.11953125 0.60078125 0.0140625 0.01875
1 0.15625 0.62265625 0.03984375 0.07578125
1 0.5203125 0.5453125 0.0484375 0.05234375